lag time [s] dACF [µm²] 
0.0000  0.0068
0.0000  0.0094
0.0000  0.0084
0.0000  0.0073
0.0000  0.0028
0.0000  0.0056
0.0000  0.0062
0.0000  0.0053
0.0000  0.0079
0.0000  0.0027
0.0000  0.0036
0.0000  0.0062
0.0000  0.0053
0.0000  0.0042
0.0000  0.0078
0.0000  0.0055
0.0000  0.0054
0.0000  0.0048
0.0000  0.0043
0.0000  0.0055
0.0000  0.0039
0.0000  0.0057
0.0000  0.0066
0.0000  0.0058
0.0000  0.0054
0.0000  0.0062
0.0000  0.0050
0.0000  0.0046
0.0000  0.0053
0.0000  0.0061
0.0000  0.0058
0.0000  0.0053
0.0000  0.0059
0.0000  0.0059
0.0000  0.0053
0.0000  0.0047
0.0000  0.0054
0.0000  0.0053
0.0000  0.0056
0.0000  0.0052
0.0000  0.0051
0.0000  0.0061
0.0000  0.0055
0.0000  0.0062
0.0000  0.0055
0.0000  0.0051
0.0001  0.0063
0.0001  0.0056
0.0001  0.0055
0.0001  0.0053
0.0001  0.0061
0.0001  0.0052
0.0001  0.0052
0.0001  0.0055
0.0001  0.0054
0.0001  0.0058
0.0001  0.0055
0.0001  0.0056
0.0002  0.0056
0.0002  0.0053
0.0002  0.0052
0.0002  0.0055
0.0002  0.0054
0.0002  0.0055
0.0003  0.0053
0.0003  0.0057
0.0003  0.0054
0.0003  0.0056
0.0004  0.0053
0.0004  0.0055
0.0004  0.0053
0.0005  0.0055
0.0005  0.0052
0.0006  0.0053
0.0006  0.0055
0.0007  0.0053
0.0007  0.0053
0.0008  0.0052
0.0008  0.0053
0.0009  0.0053
0.0010  0.0052
0.0011  0.0053
0.0012  0.0053
0.0013  0.0052
0.0014  0.0053
0.0015  0.0051
0.0016  0.0052
0.0018  0.0052
0.0020  0.0050
0.0023  0.0050
0.0025  0.0050
0.0027  0.0049
0.0029  0.0049
0.0031  0.0050
0.0033  0.0049
0.0037  0.0048
0.0041  0.0048
0.0045  0.0048
0.0049  0.0048
0.0053  0.0047
0.0057  0.0046
0.0061  0.0046
0.0066  0.0046
0.0074  0.0045
0.0082  0.0045
0.0090  0.0044
0.0098  0.0043
0.0106  0.0042
0.0115  0.0042
0.0123  0.0041
0.0131  0.0040
0.0147  0.0040
0.0164  0.0039
0.0180  0.0038
0.0197  0.0037
0.0213  0.0036
0.0229  0.0035
0.0246  0.0035
0.0262  0.0034
0.0295  0.0033
0.0328  0.0032
0.0360  0.0030
0.0393  0.0030
0.0426  0.0029
0.0459  0.0028
0.0492  0.0027
0.0524  0.0026
0.0590  0.0024
0.0655  0.0023
0.0721  0.0021
0.0786  0.0020
0.0852  0.0019
0.0918  0.0017
0.0983  0.0016
0.1049  0.0015
0.1180  0.0014
0.1311  0.0012
0.1442  0.0011
0.1573  0.0009
0.1704  0.0009
0.1835  0.0009
0.1966  0.0009
0.2097  0.0008
0.2359  0.0007
0.2621  0.0007
0.2884  0.0007
0.3146  0.0006
0.3408  0.0005
0.3670  0.0004
0.3932  0.0004
0.4194  0.0003
0.4719  0.0002
0.5243  0.0002
0.5767  0.0002
0.6291  0.0003
0.6816  0.0001
0.7340  0.0000
0.7864  -0.0000
0.8389  0.0000
0.9437  0.0001
1.0486  -0.0001
1.1534  -0.0003
1.2583  -0.0002
1.3631  -0.0001
1.4680  0.0000
1.5729  0.0001
1.6777  0.0001
1.8874  -0.0002
2.0972  -0.0002
2.3069  0.0001
2.5166  0.0001
2.7263  0.0000
2.9360  0.0001
3.1457  0.0002
3.3554  0.0003
3.7749  -0.0001
4.1943  0.0001
4.6137  0.0000
5.0332  0.0002
5.4526  0.0001
5.8720  -0.0001
6.2915  -0.0003
6.7109  0.0000
7.5497  0.0000
8.3886  0.0002
9.2275  0.0000
10.0663  0.0002
10.9052  0.0003
11.7441  0.0002
12.5829  -0.0003
13.4218  -0.0002
